205007006400960020000080045980074000570802069000630057750020000060051002300400508

060005702004096010871302000500071300030050070007820005000509687080260100706400020

470901605020300084000000001014708050600203009030605810800000000590004020701502098

500040697800002040009503108001430070000709000070065400103204700020900004694010005



007800002000000840809100670060700004475090163200004080081005309024000000900007400

900017003000502401015000600008760300030000010001045200003000950504209000100450002

000908002000302467010400008006003780004000900038500100200001070361704000500209000

054100000020037480970000100031094000002000300000710540009000016067840050000002870



024380000000006007058000400400010000000705000000020008001000670300500000000049210

800000003500800704000000060060980100007000400008061090050000000302004008100000005

008004003090000061000300000000400750003705600059006000000003000540000090600800500

710068000000200080030000100000500020104000803080007000006000090020006000000190035



000000208920004000000208071036000000000709000000000640860401000000900027209000000

009000100004030000000567030000000017801000204290000000070351000000040600008000900

040130008000005600000000073000601000800000004000502000710000000008400000200096050

400100000009870001300000090000007030043000160080200000060000002700058600000004009



300000060607900080000007000140080000003205700000090048000500000050002601010000003

009000500070800000000020810500300640000401000087009005056010000000005020002000900

040000000360000008000281004070100200009000700002006090400728000100000073000000040

007009100000700000310020050045030000002000400000010890050080041000007000009100300



000000000800020005000006240038007100204000309007400520072500000600080001000000000

000060050801007200270800000000500002060000080900001000000003015005700603080090000

305090000060004050000008300600002000002905100000400006004200000020300070000010405

000140087004000306000005000400300001030000070800006009000500000206000500570019000








