

530070000600195000098000060800060003400803001700020006060000280000419005000080079

003020600900305001001806400008102900700000008006708200002609500800203009005010300



200080300060070084030500209000105408000000000402706000301007040720040060004010003

000260701680070004190004500820100040004602900050003028009300074040050036703018000



100007090000200400050010008000030070003000600040050000500060030009004000030800004

000000907000420180000705026100904000050000040000507009920108000034059000507000000
